354
166
2529
8
2027
1887
2714
599
1410
1565
1439
2142
1630
1848
2900
2290
1647
187
2520
869
2328
2677
33
18
1505
1549
1319
1121
562
308
901
2816
2722
2003
139
2199
2772
1022
260
1333
914
3002
1692
2692
1477
561
2938
2398
2510
1611
1769
1721
1702
531
1332
2328
2445
2445
2778
2332
2637
3343
1164
1265
169
2932
547
632
3291
2031
1360
2227
592
1787
2893
2690
2300
2828
2801
850
1388
1192
2810
2334
3095
1690
1167
407
1326
1266
1067
2989
597
1725
3055
3264
3298
75
709
1724
1700
3364
3230
1469
1703
2408
644
2561
3295
3148
2338
335
2031
980
3186
2341
3243
1031
3350
1889
2426
1382
1292
1966
2681
2507
2213
2756
2430
2296
1976
3289
3240
727
1701
2988
2751
3187
2860
3363
1583
135
1798
2101
258
325
1590
2126
1821
3355
2552
2872
2073
1097
1412
1175
1406
3069
2234
2256
3092
2123
2645
335
3379
2958
3198
1671
118
740
2796
3102
2946
871
302
3339
2048
409
2703
2189
566
3182
465
60
1870
596
112
3126
644
1669
1712
2129
285
2313
3299
3279
1808
3299
619
1650
2259
2428
3153
1573
669
1060
1405
256
1849
864
2797
2373
1430
1313
741
244
1995
1442
2908
1641
218
58
2088
746
2319
2261
2399
511
152
939
2182
2461
1643
904
2704
345
2190
3061
804
1566
1906
2465
1508
1517
911
3087
334
740
3361
2448
377
1182
2103
2789
2927
1485
1385
2554
1977
1642
3054
1726
2803
541
844
2047
621
2699
2932
3018
768
1570
3165
1487
627
1235
3068
1277
1927
2671
477
906
2578
1780
1040
3380
479
656
3123
2330
1734
3014
907
1415
2400
2048
3240
955
202
1132
1424
822
1290
1179
1633
603
310
2177
3308
463
3370
175
804
589
1837
3391
1089
1132
2131
368
1582
1384
811
287
147
1939
2270
77
1500
3256
1962
2756
2412
2060
2063
1813
1004
936
1482
292
3224
1805
2326
1281
830
669
779
2055
844
2863
1549
2373
962
752
2146
